<?xml version="1.0" encoding="UTF-8"?>
<map version="1.0" orientation="orthogonal" width="30" height="20" tilewidth="32" tileheight="32">
 <tileset firstgid="1" name="tilemap" tilewidth="32" tileheight="32">
  <image source="gfx/tilemap.png" width="192" height="320"/>
 </tileset>
 <layer name="tilemap" width="30" height="20" opacity="0.34">
  <data encoding="csv">
0,0,0,0,0,0,0,0,0,0,0,0,0,0,0,0,0,0,0,0,0,0,0,0,0,0,0,0,0,0,
0,0,0,0,0,0,0,0,0,0,0,0,0,0,0,0,0,0,0,0,0,0,0,0,0,0,0,0,0,0,
9,9,29,29,29,29,29,29,29,29,29,29,29,29,29,29,29,9,9,9,9,9,9,9,9,9,9,9,9,9,
9,9,29,29,29,29,29,29,29,29,29,29,29,29,29,29,29,9,9,9,9,9,9,9,9,9,9,9,9,9,
9,9,29,29,29,29,29,29,29,29,29,29,29,29,29,29,29,9,9,9,9,9,9,9,9,9,9,9,9,9,
9,9,29,29,29,29,29,29,29,29,29,29,29,29,29,29,29,9,9,9,9,9,9,9,9,9,9,9,9,9,
9,9,29,29,29,29,29,29,29,29,29,29,29,29,29,29,29,9,9,9,9,9,9,9,9,9,9,9,9,9,
9,9,29,29,29,29,29,29,29,29,29,29,29,29,29,29,29,9,9,9,9,9,9,9,9,9,9,9,9,9,
9,9,29,29,29,29,29,29,29,29,29,29,29,29,29,29,29,9,9,9,9,9,9,9,9,9,9,9,9,9,
9,9,29,29,29,29,29,29,29,29,29,29,29,29,29,29,29,9,9,9,9,9,9,9,9,9,9,9,9,9,
9,9,9,9,9,9,9,9,9,9,9,9,9,9,9,9,9,9,9,9,9,9,9,9,9,9,9,9,9,9,
9,9,9,9,9,9,9,9,9,9,9,9,9,9,9,9,9,9,9,9,9,9,9,9,9,9,9,9,9,9,
9,9,9,9,9,9,9,9,9,9,9,9,9,9,9,9,9,9,9,9,9,9,9,9,9,9,9,9,9,9,
9,9,9,9,9,9,9,9,9,9,9,9,9,9,9,9,9,9,9,9,9,9,9,9,9,9,9,9,9,9,
9,9,9,9,9,9,9,9,9,9,9,9,9,9,9,9,9,9,9,9,9,9,9,9,9,9,9,9,9,9,
9,9,9,9,9,9,9,9,9,9,9,9,9,9,9,9,9,9,9,9,9,9,9,9,9,9,9,9,9,9,
9,9,9,9,9,9,9,9,9,9,9,9,9,9,9,9,9,9,9,9,29,9,9,9,9,9,9,9,9,9,
9,9,9,9,9,9,9,9,9,9,9,9,9,9,9,9,9,9,9,9,9,9,9,9,9,9,9,9,9,9,
9,9,9,9,9,9,9,9,9,9,9,9,9,9,9,9,9,9,9,9,9,9,9,9,9,9,9,9,9,9,
9,9,9,9,9,9,9,9,9,9,9,9,9,9,9,9,9,9,9,9,9,9,9,9,9,9,9,9,9,9
</data>
 </layer>
 <layer name="foreground" width="30" height="20">
  <data encoding="csv">
11,11,11,11,11,11,11,11,11,11,11,11,11,11,11,11,11,11,11,11,11,11,11,11,11,11,11,11,11,11,
11,11,11,11,11,11,11,11,11,11,11,11,11,11,11,11,11,11,11,11,11,11,11,11,11,11,11,11,11,11,
11,11,11,11,11,11,11,11,11,11,11,11,11,11,11,11,11,11,11,11,11,11,11,11,11,11,11,11,11,11,
11,11,11,11,11,11,11,11,11,11,11,11,11,11,11,11,11,11,11,11,11,11,11,11,11,11,11,11,11,11,
11,11,22,17,17,17,17,17,17,17,17,17,17,17,17,17,17,17,17,17,17,17,17,17,17,17,24,11,11,11,
11,11,12,0,0,0,0,0,0,0,0,0,0,0,0,0,0,0,0,0,0,0,0,0,0,0,16,24,11,11,
11,11,12,0,0,0,0,0,0,0,0,0,0,0,0,0,0,0,0,0,0,0,0,0,0,0,0,16,17,17,
11,11,12,0,0,0,0,0,0,0,0,0,0,0,0,0,0,0,0,0,0,0,0,0,0,0,0,0,0,0,
11,11,12,0,0,0,0,0,0,0,0,0,0,0,0,0,0,0,0,0,0,0,0,0,0,0,0,0,0,0,
11,11,12,0,0,0,0,19,13,13,21,0,0,0,4,5,5,5,6,0,0,0,0,0,0,4,5,5,5,5,
11,11,12,0,0,0,0,0,0,0,0,0,0,0,10,11,11,11,12,0,0,0,0,0,0,10,11,11,11,11,
11,11,34,5,5,6,0,0,0,0,0,0,0,0,10,11,11,11,11,5,5,6,0,0,0,10,11,11,11,11,
11,11,11,11,11,12,0,0,0,0,0,0,0,0,10,11,11,11,11,11,11,12,0,0,0,10,11,11,11,11,
11,11,11,11,11,22,13,13,21,0,0,0,0,0,10,11,11,11,11,11,11,34,5,5,5,36,11,11,11,11,
11,11,22,17,17,18,0,0,0,0,0,4,5,5,36,11,11,11,11,11,11,11,11,11,11,11,11,11,11,11,
11,11,12,0,0,0,0,0,0,0,0,30,11,11,11,11,11,11,11,11,11,11,11,11,11,11,11,11,11,11,
11,11,12,0,0,0,0,0,4,5,5,36,11,11,11,11,11,11,11,11,11,11,11,11,11,11,11,11,11,11,
11,11,34,5,5,5,5,5,36,11,11,11,11,11,11,11,11,11,11,11,11,11,11,11,11,11,11,11,11,11,
11,11,11,11,11,11,11,11,11,11,11,11,11,11,11,11,11,11,11,11,11,11,11,11,11,11,11,11,11,11,
11,11,11,11,11,11,11,11,11,11,11,11,11,11,11,11,11,11,11,11,11,11,11,11,11,11,11,11,11,11
</data>
 </layer>
 <objectgroup name="objects" width="30" height="20">
  <object name="mapOneDoorOne" type="TravelPoint" x="755" y="84" width="32" height="64">
   <properties>
    <property name="map" value="mapTwo"/>
    <property name="target" value="mapTwoDoorOne"/>
   </properties>
  </object>
  <object name="mapOneSpawn" type="TravelPoint" x="192" y="512" width="64" height="32">
   <properties>
    <property name="map" value=""/>
    <property name="target" value=""/>
   </properties>
  </object>
  <object name="DoorOne" type="door" x="513" y="90" width="32" height="64"/>
  <object name="leverOne" type="lever" x="64" y="192" width="32" height="32">
   <properties>
    <property name="door" value="DoorOne"/>
   </properties>
  </object>
  <object name="WallOne" type="breakablewall" x="378" y="83" width="32" height="64"/>
  <object name="ButtonOne" type="floorbutton" x="192" y="576" width="64" height="32">
   <properties>
    <property name="door" value="DoorTwo"/>
   </properties>
  </object>
  <object name="DoorTwo" type="door" x="288" y="544" width="32" height="64"/>
  <object name="Powerup" type="powerup" x="128" y="544" width="32" height="32">
   <properties>
    <property name="powerup" value="7"/>
   </properties>
  </object>
  <object name="DoorThree" type="door" x="384" y="512" width="64" height="32"/>
  <object name="wallButton" type="wallbutton" x="544" y="576" width="32" height="32">
   <properties>
    <property name="door" value="DoorThree"/>
    <property name="left" value="true"/>
   </properties>
  </object>
  <object name="ButtonTwo" type="slambutton" x="544" y="448" width="128" height="32">
   <properties>
    <property name="door" value="DoorOne"/>
   </properties>
  </object>
  <object name="ButtonOne" type="ceilbutton" x="192" y="416" width="64" height="32">
   <properties>
    <property name="door" value="DoorTwo"/>
   </properties>
  </object>
 </objectgroup>
</map>
