<?xml version="1.0" encoding="UTF-8"?>
<map version="1.0" orientation="orthogonal" width="34" height="18" tilewidth="32" tileheight="32">
 <tileset firstgid="1" name="tilemap" tilewidth="32" tileheight="32">
  <image source="gfx/tilemap.png" width="192" height="320"/>
 </tileset>
 <layer name="tilemap" width="34" height="18" opacity="0.34">
  <data encoding="csv">
9,9,9,9,9,9,9,9,9,9,9,9,9,9,9,9,9,9,9,9,9,9,9,9,9,9,9,9,9,9,9,9,9,9,
9,9,9,9,9,9,9,9,9,9,9,9,9,9,9,9,9,9,9,9,9,9,9,9,9,9,9,9,9,9,9,9,9,9,
9,9,9,9,9,9,9,9,9,9,9,9,9,9,9,9,9,9,9,9,9,9,9,9,9,9,9,9,9,9,9,9,9,9,
9,9,9,9,9,9,9,9,9,9,9,9,9,9,9,9,9,9,9,9,9,9,9,9,9,9,9,9,9,9,9,9,9,9,
9,9,9,9,9,9,9,9,9,9,9,9,9,9,9,9,9,9,9,9,9,9,9,9,9,9,9,9,9,9,9,9,9,9,
9,9,9,9,9,9,9,9,9,9,9,9,9,9,9,9,9,9,9,9,9,9,9,9,9,9,9,9,9,9,9,9,9,9,
9,9,9,9,9,9,9,9,9,9,9,9,9,9,9,9,9,9,9,9,9,9,9,9,9,9,9,9,9,9,9,9,9,9,
9,9,9,9,9,9,9,9,9,9,9,9,9,9,40,9,9,9,9,9,9,9,9,9,9,9,9,9,9,9,9,9,9,9,
9,9,9,9,9,9,9,9,9,9,9,9,9,9,9,9,9,9,9,9,9,9,9,9,9,9,9,9,9,9,9,9,9,9,
9,9,9,9,9,9,9,9,9,9,9,9,9,9,9,9,9,9,9,9,9,9,9,9,9,9,9,9,9,9,9,9,9,9,
9,9,9,9,9,39,9,9,9,9,9,9,9,9,9,9,9,9,9,9,9,9,9,9,9,9,9,9,9,9,9,9,9,9,
9,9,9,9,9,9,9,9,9,9,9,9,9,9,9,9,9,9,9,9,9,9,9,9,9,9,9,9,9,9,9,9,9,9,
9,9,9,9,9,9,9,9,9,9,9,9,9,9,9,9,9,9,9,9,9,9,9,9,9,9,9,9,9,9,9,9,9,9,
9,9,9,9,9,9,9,9,9,9,9,9,9,9,9,9,9,9,9,9,9,9,9,9,9,9,9,9,9,9,9,9,9,9,
9,9,9,9,9,9,9,9,9,9,9,9,9,9,9,9,9,9,9,9,9,9,9,9,9,9,9,9,9,9,9,9,9,9,
9,9,9,9,9,9,9,9,9,9,9,9,9,9,9,9,9,9,9,9,9,9,9,9,9,9,9,9,9,9,9,9,9,9,
9,9,9,9,9,9,9,9,9,9,9,9,9,9,9,9,9,9,9,9,9,9,9,9,9,9,9,9,9,9,9,9,9,9,
9,9,9,9,9,9,9,9,9,9,9,9,9,9,9,9,9,9,9,9,9,9,9,9,9,9,9,9,9,9,9,9,9,9
</data>
 </layer>
 <layer name="foreground" width="34" height="18">
  <data encoding="csv">
11,11,11,11,11,11,11,11,11,11,11,11,11,11,11,11,11,11,11,11,11,11,11,11,11,11,11,11,11,11,11,11,11,11,
11,11,11,11,11,11,11,11,11,11,11,11,11,11,11,11,11,11,11,11,11,11,11,11,11,11,11,11,11,11,11,11,11,11,
11,11,11,11,11,11,11,11,11,11,11,11,11,11,17,17,17,17,17,17,17,17,17,17,17,11,11,11,11,11,11,11,11,11,
11,11,11,11,11,11,11,11,11,11,11,11,11,18,0,0,0,0,0,0,0,0,0,0,0,16,17,17,17,17,11,11,11,11,
11,11,11,11,17,17,17,17,11,11,11,11,12,0,0,0,0,0,0,0,0,0,0,0,0,0,0,0,0,0,10,11,11,11,
11,11,11,18,0,0,0,0,16,17,11,11,12,0,0,0,0,0,0,0,0,0,0,0,0,0,0,0,0,0,10,11,11,11,
17,17,18,0,0,0,0,0,0,0,10,17,18,0,0,19,13,13,13,13,13,13,13,13,13,13,13,6,0,0,16,11,11,11,
0,0,0,0,0,0,0,0,0,0,7,0,0,0,0,0,0,0,0,0,0,0,0,0,0,0,0,26,0,0,0,16,17,17,
0,0,0,0,0,0,0,0,0,0,3,19,21,0,0,0,0,0,0,0,0,0,0,0,0,0,0,26,0,0,0,0,0,0,
5,5,5,5,6,0,0,0,0,0,0,0,0,0,0,0,1,0,0,0,1,0,0,1,0,0,0,7,0,0,0,0,0,0,
11,11,11,11,12,0,0,0,0,0,0,0,0,0,4,5,12,0,0,0,26,0,0,10,6,0,0,0,0,0,4,5,5,5,
11,11,11,11,18,0,0,0,0,0,0,0,0,0,10,11,11,5,5,5,11,5,5,11,12,0,0,0,0,0,10,11,11,11,
17,17,17,18,0,0,0,0,0,4,5,5,5,5,11,11,11,11,11,11,11,11,11,11,11,5,5,5,5,5,11,11,11,11,
0,0,0,0,0,0,0,0,0,10,11,11,11,11,11,11,11,11,11,11,11,11,11,11,11,11,11,11,11,11,11,11,11,11,
0,0,0,0,0,0,0,4,5,11,11,11,11,11,11,11,11,11,11,11,11,11,11,11,11,11,11,11,11,11,11,11,11,11,
5,5,5,5,5,5,5,11,11,11,11,11,11,11,11,11,11,11,11,11,11,11,11,11,11,11,11,11,11,11,11,11,11,11,
11,11,11,11,11,11,11,11,11,11,11,11,11,11,11,11,11,11,11,11,11,11,11,11,11,11,11,11,11,11,11,11,11,11,
11,11,11,11,11,11,11,11,11,11,11,11,11,11,11,11,11,11,11,11,11,11,11,11,11,11,11,11,11,11,11,11,11,11
</data>
 </layer>
 <objectgroup name="objects" width="34" height="18">
  <object name="room0-3to2-1" type="travelPoint" x="0" y="224" width="32" height="64">
   <properties>
    <property name="map" value="room2-1"/>
    <property name="target" value="room2-1to0-3"/>
   </properties>
  </object>
  <object name="dragon" type="jadedragon" x="352" y="224" width="32" height="32">
   <properties>
    <property name="delay" value="1.0"/>
    <property name="interval" value="1.5"/>
   </properties>
  </object>
  <object name="room0-3to0-2" type="TravelPoint" x="1056" y="256" width="32" height="64">
   <properties>
    <property name="map" value="room0-2"/>
    <property name="target" value="room0-2to0-3"/>
   </properties>
  </object>
  <object name="room0-3to0-4" type="travelPoint" x="0" y="416" width="32" height="64">
   <properties>
    <property name="map" value="room0-4"/>
    <property name="target" value="room0-4to0-3"/>
   </properties>
  </object>
 </objectgroup>
</map>
