<?xml version="1.0" encoding="UTF-8"?>
<map version="1.0" orientation="orthogonal" width="44" height="40" tilewidth="32" tileheight="32">
 <tileset firstgid="1" name="tilemap" tilewidth="32" tileheight="32">
  <image source="gfx/tilemap.png" width="192" height="320"/>
 </tileset>
 <layer name="tilemap" width="44" height="40" opacity="0.34">
  <data encoding="csv">
9,9,9,9,9,9,9,9,9,9,9,9,9,9,9,9,9,9,9,9,9,9,9,9,9,9,9,9,9,9,9,9,9,9,9,9,9,9,9,9,9,9,9,9,
9,9,9,9,9,9,9,9,9,9,9,9,9,9,9,9,9,9,9,9,9,9,9,9,9,9,9,9,9,9,9,9,9,9,9,9,9,9,9,9,9,9,9,9,
9,9,9,9,9,9,9,9,9,9,9,9,9,9,9,9,9,9,9,9,9,9,9,9,9,9,9,9,9,9,9,9,9,9,9,9,9,9,9,9,9,9,9,9,
9,9,9,9,9,9,9,9,9,9,9,9,9,9,9,9,9,9,9,9,9,9,9,9,9,9,9,9,9,9,9,9,9,9,9,9,9,9,9,9,9,9,9,9,
9,9,9,9,9,9,9,9,9,9,9,9,9,9,9,9,9,9,9,9,9,9,9,9,9,9,9,9,9,9,9,9,9,9,9,9,9,9,9,9,9,9,9,9,
9,9,9,9,9,9,9,9,9,9,9,9,9,9,9,9,9,9,9,9,9,9,9,9,9,9,9,9,9,9,9,9,9,9,9,9,9,9,9,9,9,9,9,9,
9,9,9,9,9,9,9,9,9,9,9,9,9,9,9,9,9,9,9,9,9,9,9,9,9,9,9,9,9,9,9,9,9,9,9,9,9,9,9,9,9,9,9,9,
9,9,9,9,9,9,9,9,9,9,9,9,9,9,9,9,9,9,9,9,9,9,9,9,9,9,9,9,9,9,9,9,9,9,9,9,9,9,9,9,9,9,9,9,
9,9,9,9,9,9,9,9,9,9,9,9,9,9,9,9,9,9,9,9,9,9,9,9,9,9,9,9,9,9,9,9,9,9,9,9,9,9,9,9,9,9,9,9,
9,9,9,9,9,9,9,9,9,9,9,9,9,9,9,9,9,9,40,9,9,9,9,9,9,9,9,9,9,9,40,9,9,9,9,9,9,9,9,9,9,9,9,9,
9,9,9,9,9,9,9,9,9,9,9,9,9,9,9,9,9,9,9,9,9,9,9,9,9,9,9,9,9,9,9,9,9,9,9,9,9,9,9,9,9,9,9,9,
9,9,9,9,9,9,9,9,9,9,9,9,9,9,9,9,9,9,9,9,9,9,9,9,9,9,9,9,9,9,9,9,9,9,9,9,9,9,9,9,9,9,9,9,
9,9,9,9,9,9,9,9,9,9,9,9,9,9,9,9,9,9,9,9,9,9,9,9,9,9,9,9,9,9,9,9,9,9,9,9,9,9,9,9,9,9,9,9,
9,9,9,9,9,9,9,9,9,9,9,9,9,9,9,9,9,9,9,9,9,9,9,9,9,9,9,9,9,9,9,9,9,9,9,9,9,9,9,9,9,9,9,9,
9,9,9,9,9,9,9,9,9,9,9,9,9,9,9,9,9,9,9,9,9,9,9,9,37,9,9,9,9,9,9,9,9,9,9,9,9,9,9,9,9,9,9,9,
9,9,9,9,9,9,9,9,9,9,9,9,9,9,9,9,9,9,9,40,9,9,9,9,9,9,9,9,9,40,9,9,9,9,9,9,9,9,9,9,9,9,9,9,
9,9,9,9,9,9,9,9,9,9,9,9,9,9,9,9,9,9,9,9,9,9,9,9,9,9,9,9,9,9,9,9,9,9,9,9,9,9,9,9,9,9,9,9,
9,9,9,9,9,9,9,9,9,9,9,9,9,9,9,9,9,9,9,9,9,9,9,9,9,9,9,9,9,9,9,9,9,9,9,9,9,9,9,9,9,9,9,9,
9,9,9,9,9,9,9,9,9,9,9,9,9,9,9,9,9,9,9,9,9,9,9,9,9,9,9,9,9,9,9,9,9,9,9,9,9,9,9,9,9,9,9,9,
9,9,9,9,9,9,9,9,9,9,9,9,9,9,9,9,9,9,9,9,9,9,9,9,9,9,9,9,9,9,9,9,9,9,9,9,9,9,9,9,9,9,9,9,
9,9,9,9,9,9,9,9,9,9,9,9,9,9,9,9,9,9,9,9,9,9,9,9,9,9,9,9,9,9,9,9,9,9,9,9,9,9,9,9,9,9,9,9,
9,9,9,9,9,9,40,9,9,9,9,9,9,9,9,9,9,9,9,9,9,9,9,9,9,9,9,9,9,9,9,9,9,9,9,9,9,9,9,9,9,9,9,9,
9,9,9,9,9,9,9,9,9,9,9,9,9,9,9,9,9,9,9,9,9,9,9,9,9,9,9,9,9,9,9,9,9,9,9,9,9,9,9,9,9,9,9,9,
9,9,9,9,9,9,9,9,9,9,9,9,9,9,9,9,9,9,9,9,9,9,9,9,9,9,9,9,9,9,9,9,9,9,9,9,9,9,9,9,9,9,9,9,
9,9,9,9,9,9,9,9,9,40,9,9,9,9,9,9,9,9,9,9,9,9,9,9,9,9,9,9,9,9,9,9,9,9,9,9,9,9,9,9,9,9,9,9,
9,9,9,9,9,9,9,9,9,9,9,9,9,9,9,9,9,9,9,9,9,9,9,9,9,9,9,9,9,9,9,9,9,9,9,9,9,9,9,9,9,9,9,9,
9,9,9,9,9,9,9,9,9,9,9,9,9,9,9,9,9,9,9,9,9,9,9,9,9,9,9,9,9,9,9,9,9,9,9,9,9,9,9,9,9,9,9,9,
9,9,9,9,9,9,9,9,9,9,9,9,9,9,9,9,9,9,9,9,9,9,9,9,9,9,9,9,9,9,9,9,9,9,9,9,9,9,9,9,9,9,9,9,
9,9,9,9,9,9,40,9,9,9,9,9,9,9,9,9,9,9,9,9,9,9,9,9,9,9,9,9,9,9,9,9,9,9,9,9,9,9,9,9,9,9,9,9,
9,9,9,9,9,9,9,9,9,9,9,9,9,9,9,9,9,9,9,9,9,9,9,9,9,9,9,9,9,9,9,9,9,9,9,9,9,9,9,9,9,9,9,9,
9,9,9,9,9,9,9,9,9,9,9,9,9,9,9,9,9,9,9,9,9,9,9,9,9,9,9,9,9,9,9,9,9,9,9,9,9,9,9,9,9,9,9,9,
9,9,9,9,9,9,9,9,9,9,9,9,9,9,9,9,9,9,9,9,9,9,9,9,9,9,9,9,9,9,9,9,9,9,9,9,9,9,9,9,9,9,9,9,
9,9,9,9,9,9,9,9,9,9,9,9,9,9,9,9,9,9,9,9,9,9,9,9,9,9,9,9,9,9,9,9,9,9,9,9,9,9,9,9,9,9,9,9,
9,9,9,9,9,9,9,9,9,9,9,9,9,39,9,9,9,9,9,9,9,9,9,9,9,9,9,9,9,9,9,9,9,9,9,9,9,9,9,9,9,9,9,9,
9,9,9,9,9,9,9,9,9,9,9,9,9,9,9,9,9,9,9,9,9,9,9,9,9,9,9,9,9,9,9,9,9,9,9,9,9,9,9,9,9,9,9,9,
9,9,9,9,9,9,9,9,9,9,9,9,9,9,9,9,9,9,9,9,9,9,9,9,9,9,9,9,9,9,9,9,9,9,9,9,9,9,9,9,9,9,9,9,
9,9,9,9,9,9,9,9,9,9,9,9,9,9,9,9,9,9,9,9,9,9,9,9,9,9,9,9,9,9,9,9,9,9,9,9,9,9,9,9,9,9,9,9,
9,9,9,9,9,9,9,9,9,9,9,9,9,9,9,9,9,9,9,9,9,9,9,9,9,9,9,9,9,9,9,9,9,9,9,9,9,9,9,9,9,9,9,9,
9,9,9,9,9,9,9,9,9,9,9,9,9,9,9,9,9,9,9,9,9,9,9,9,9,9,9,9,9,9,9,9,9,9,9,9,9,9,9,9,9,9,9,9,
9,9,9,9,9,9,9,9,9,9,9,9,9,9,9,9,9,9,9,9,9,9,9,9,9,9,9,9,9,9,9,9,9,9,9,9,9,9,9,9,9,9,9,9
</data>
 </layer>
 <layer name="foreground" width="44" height="40">
  <data encoding="csv">
11,11,11,11,11,11,11,11,11,11,11,11,11,11,11,11,11,11,11,11,11,11,12,0,0,0,10,11,11,11,11,11,11,11,11,11,11,11,11,11,11,11,11,11,
11,11,11,11,11,11,11,11,11,11,11,11,11,11,11,11,11,11,11,11,11,11,12,0,0,0,10,11,11,11,11,11,11,11,11,11,11,11,11,11,11,11,11,11,
11,11,11,11,11,11,11,11,11,11,11,11,11,11,11,11,11,11,11,11,11,11,12,0,0,0,10,11,11,11,11,11,11,11,11,11,11,11,11,11,11,11,11,11,
11,11,11,11,11,11,11,11,11,11,11,11,11,11,11,11,11,11,11,11,17,17,18,0,0,0,16,17,17,11,11,11,11,11,11,11,11,11,11,11,11,11,11,11,
11,11,11,11,11,11,11,11,11,11,11,11,11,11,11,11,11,11,17,18,0,0,0,0,0,0,0,0,0,16,17,11,11,11,11,11,11,11,11,11,11,11,11,11,
11,11,11,11,11,11,11,11,11,11,11,11,11,11,11,11,11,12,0,0,0,0,0,0,0,0,0,0,0,0,0,10,11,11,11,11,11,11,11,11,11,11,11,11,
11,11,11,11,11,11,11,11,11,11,11,11,11,11,11,11,17,18,0,0,0,0,0,0,0,0,0,0,0,0,0,16,17,17,11,11,11,11,11,11,11,11,11,11,
11,11,11,11,11,11,11,11,11,11,11,11,11,11,17,18,0,0,0,0,0,0,0,0,0,0,0,0,0,0,0,0,0,0,16,17,11,11,11,11,11,11,11,11,
11,11,11,11,11,11,11,11,11,11,11,11,11,12,0,0,0,0,0,0,0,0,0,0,0,0,0,0,0,0,0,0,0,0,0,0,10,11,11,11,11,11,11,11,
11,11,11,11,11,11,11,11,11,11,11,11,11,12,0,0,0,0,0,0,0,0,0,0,0,0,0,0,0,0,0,0,0,0,0,0,10,11,11,11,11,11,11,11,
11,11,11,11,11,11,11,11,11,11,11,11,11,12,0,0,0,0,0,0,0,0,0,0,0,0,0,0,0,0,0,0,0,0,0,0,10,11,11,11,11,11,11,11,
11,11,11,11,11,11,11,11,11,11,11,11,11,12,0,0,0,0,0,0,0,0,0,0,0,0,0,0,0,0,0,0,0,0,0,0,10,11,11,11,11,11,11,11,
11,11,11,11,11,11,11,11,11,11,11,11,11,12,0,0,0,0,0,0,0,0,0,0,0,0,0,0,0,0,0,0,0,0,0,0,10,11,11,11,11,11,11,11,
11,11,11,11,11,11,11,11,11,11,11,11,11,12,0,0,0,0,0,0,19,13,13,13,13,13,13,13,21,0,0,0,0,0,0,0,10,11,11,11,11,11,11,11,
11,11,11,11,11,11,11,11,11,11,11,11,11,12,0,0,0,0,0,0,0,0,0,0,0,0,0,0,0,0,0,0,0,0,0,0,10,11,11,11,11,11,11,11,
17,17,17,17,17,17,17,11,11,11,11,11,11,12,0,0,0,0,0,0,0,0,0,0,0,0,0,0,0,0,0,0,0,0,0,0,10,11,11,11,11,11,11,11,
0,0,0,0,0,0,0,10,11,11,11,11,11,11,5,6,0,0,0,0,0,0,0,0,0,0,0,0,0,0,0,0,0,4,5,5,17,17,17,17,24,11,11,11,
0,0,0,0,0,0,0,16,17,17,17,17,17,17,11,12,0,0,0,0,0,0,0,0,0,0,0,0,0,0,0,0,0,10,11,18,0,0,0,0,16,17,17,17,
5,5,5,6,0,0,0,0,0,0,0,0,0,0,10,11,5,6,0,0,0,0,0,0,0,0,0,0,0,0,0,4,5,11,12,0,0,0,0,0,0,0,0,0,
11,11,11,12,0,0,0,0,0,0,0,0,0,0,16,17,17,17,13,13,13,13,13,13,21,0,0,19,13,5,5,11,11,11,12,0,0,0,0,0,0,0,0,0,
11,11,11,12,0,0,0,0,0,0,0,0,0,0,0,0,0,0,0,0,0,0,0,0,0,0,0,0,0,16,17,11,11,11,12,0,0,19,13,5,5,5,5,5,
11,11,11,12,0,0,0,0,0,0,0,0,0,0,0,0,0,0,0,0,0,0,0,0,0,0,0,0,0,0,0,10,11,11,12,0,0,0,0,10,11,11,11,11,
11,11,11,12,0,0,0,0,0,0,0,0,0,0,0,0,0,0,0,0,0,0,0,0,0,0,0,0,0,0,0,10,11,11,12,0,0,0,0,10,23,24,11,11,
11,11,11,12,0,0,0,0,0,0,0,0,0,0,0,0,0,0,0,0,0,0,0,0,0,0,0,0,0,0,0,16,11,11,12,0,0,0,0,8,0,30,11,11,
11,11,11,12,0,0,0,0,0,0,0,0,0,0,0,0,0,0,0,0,0,0,0,0,0,0,0,0,0,0,0,0,16,17,17,21,0,0,19,34,35,36,11,11,
11,11,11,12,0,0,0,0,0,0,0,0,0,0,0,0,0,0,0,0,0,0,0,0,0,0,0,0,0,0,0,0,0,0,0,0,0,0,0,10,11,11,11,11,
11,11,11,12,0,0,0,0,0,0,0,0,0,0,0,0,0,0,0,0,0,0,0,0,0,0,0,0,0,0,0,0,0,0,0,0,0,0,0,10,11,11,11,11,
11,11,11,12,0,0,0,0,0,0,0,0,4,5,5,5,5,13,13,6,0,0,0,4,5,5,5,5,5,5,5,5,5,5,5,5,5,5,5,11,11,11,11,11,
11,11,11,12,0,0,0,0,0,0,0,4,11,17,17,17,18,0,0,16,21,0,0,10,11,11,11,11,11,11,11,11,11,11,11,11,11,11,11,11,11,11,11,11,
11,11,11,12,0,0,0,0,0,0,0,10,12,0,0,0,0,0,0,0,0,0,0,10,11,11,11,11,11,11,11,11,11,11,11,11,11,11,11,11,11,11,11,11,
11,11,11,12,0,0,0,0,0,0,0,10,12,0,0,0,0,0,0,0,0,0,0,10,11,11,11,11,11,11,11,11,11,11,11,11,11,11,11,11,11,11,11,11,
11,11,11,11,5,5,5,5,5,5,5,11,12,0,0,0,0,4,5,5,5,5,5,11,11,11,17,17,17,17,17,17,17,17,17,11,11,11,11,11,11,11,11,11,
11,11,11,11,11,11,11,11,11,11,11,11,12,0,0,0,0,10,11,11,11,11,11,11,11,12,0,0,0,0,0,0,0,0,0,10,11,11,11,11,11,11,11,11,
11,11,11,11,11,11,11,11,11,11,11,11,12,0,0,0,0,10,11,11,11,11,11,11,11,12,0,0,0,0,0,0,0,0,0,10,11,11,11,11,11,11,11,11,
17,17,17,17,17,17,17,17,17,17,17,17,18,0,0,0,0,16,17,17,17,17,17,17,17,18,0,0,0,0,4,49,50,50,19,17,17,17,17,17,17,17,17,17,
0,0,0,0,0,0,0,0,0,0,0,0,0,0,0,0,0,0,0,0,0,0,0,0,0,0,0,0,4,5,11,12,0,0,0,0,0,0,0,0,0,0,0,0,
0,0,0,0,0,0,0,0,0,0,0,0,0,0,0,0,0,0,0,0,0,0,0,0,0,0,0,0,10,11,11,12,0,0,0,0,0,0,0,0,0,0,0,0,
5,5,5,5,5,5,5,5,5,5,5,5,5,5,5,5,5,5,5,5,5,5,5,5,5,5,5,5,11,11,11,11,5,5,5,5,5,5,5,5,5,5,5,5,
11,11,11,11,11,11,11,11,11,11,11,11,11,11,11,11,11,11,11,11,11,11,11,11,11,11,11,11,11,11,11,11,11,11,11,11,11,11,11,11,11,11,11,11,
11,11,11,11,11,11,11,11,11,11,11,11,11,11,11,11,11,11,11,11,11,11,11,11,11,11,11,11,11,11,11,11,11,11,11,11,11,11,11,11,11,11,11,11
</data>
 </layer>
 <objectgroup name="objects" width="44" height="40">
  <object name="room4-0to3-1" type="travelPoint" x="0" y="512" width="32" height="64">
   <properties>
    <property name="map" value="room3-1"/>
    <property name="target" value="room3-1to4-0"/>
   </properties>
  </object>
  <object name="room4-0to5-2" type="travelPoint" x="0" y="1120" width="32" height="64">
   <properties>
    <property name="map" value="room5-2"/>
    <property name="target" value="room5-2to4-0"/>
   </properties>
  </object>
  <object name="room4-0to7-0" type="travelPoint" x="1380" y="1120" width="32" height="64">
   <properties>
    <property name="map" value="room7-0"/>
    <property name="target" value="room7-0to4-0"/>
   </properties>
  </object>
  <object name="room4-0doorThreeButton" type="wallButton" x="1280" y="736" width="32" height="32">
   <properties>
    <property name="door" value="room4-0doorThree"/>
    <property name="left" value="false"/>
   </properties>
  </object>
  <object name="room4-0doorTwoButton" type="floorButton" x="1088" y="832" width="64" height="32">
   <properties>
    <property name="door" value="room4-0doorTwo"/>
   </properties>
  </object>
  <object name="room4-0doorTwo" type="door" x="1152" y="768" width="64" height="32"/>
  <object name="room4-0doorThree" type="door" x="1120" y="640" width="64" height="32"/>
  <object name="room4-0doorFour" type="door" x="1280" y="576" width="32" height="64"/>
  <object name="room4-0to6-0" type="travelPoint" x="1376" y="576" width="32" height="64">
   <properties>
    <property name="map" value="room6-0"/>
    <property name="target" value="room6-0to4-0"/>
   </properties>
  </object>
  <object name="room4-0doorFourLever" type="lever" x="1184" y="608" width="32" height="32">
   <properties>
    <property name="door" value="doorFour"/>
   </properties>
  </object>
  <object name="room4-0to3-2" type="travelPoint" x="736" y="32" width="96" height="32">
   <properties>
    <property name="map" value="room3-2"/>
    <property name="target" value="room3-2to4-0"/>
   </properties>
  </object>
  <object name="room4-0doorOneButton" type="floorButton" x="672" y="576" width="64" height="32">
   <properties>
    <property name="door" value="room4-0doorOne"/>
   </properties>
  </object>
  <object name="room4-0doorOne" type="door" x="800" y="608" width="64" height="32"/>
  <object type="jadedragon" x="864" y="352" width="32" height="32">
   <properties>
    <property name="delay" value="0"/>
    <property name="interval" value="1"/>
   </properties>
  </object>
  <object type="jadedragon" x="672" y="352" width="32" height="32">
   <properties>
    <property name="delay" value="0"/>
    <property name="interval" value="1"/>
   </properties>
  </object>
  <object type="jadedragon" x="512" y="544" width="32" height="32">
   <properties>
    <property name="delay" value=".5"/>
    <property name="interval" value="1"/>
   </properties>
  </object>
  <object type="jadedragon" x="1024" y="544" width="32" height="32">
   <properties>
    <property name="delay" value=".5"/>
    <property name="interval" value="1"/>
   </properties>
  </object>
 </objectgroup>
</map>
