<?xml version="1.0" encoding="UTF-8"?>
<map version="1.0" orientation="orthogonal" width="28" height="24" tilewidth="32" tileheight="32">
 <tileset firstgid="1" name="tilemap" tilewidth="32" tileheight="32">
  <image source="gfx/tilemap.png" width="192" height="320"/>
 </tileset>
 <layer name="tilemap" width="28" height="24" opacity="0.34">
  <data encoding="csv">
9,9,9,9,9,9,9,9,9,9,9,9,9,9,9,9,9,9,9,9,9,9,9,9,9,9,9,9,
9,9,9,9,9,9,9,9,9,9,9,9,9,9,9,9,9,9,9,9,9,9,9,9,9,9,9,9,
9,9,9,9,9,9,9,9,9,9,9,9,9,9,9,9,9,9,9,9,9,9,9,9,9,9,9,9,
9,9,9,9,9,9,9,9,9,9,9,9,9,9,9,9,9,9,9,9,9,9,9,9,9,9,9,9,
9,9,9,9,9,9,9,9,9,9,9,9,9,9,9,9,9,9,9,9,9,9,9,9,9,9,9,9,
9,9,9,9,9,9,9,9,9,9,9,9,9,9,9,9,9,9,9,9,9,9,9,9,9,9,9,9,
9,9,9,9,9,9,9,9,9,9,9,9,9,9,9,9,9,9,9,9,9,9,9,9,9,9,9,9,
9,9,9,9,9,9,9,9,9,9,9,9,9,9,9,9,9,9,9,9,9,9,9,9,9,9,9,9,
9,9,9,9,9,9,9,9,9,9,9,9,9,9,9,9,9,9,9,9,9,9,9,9,9,9,9,9,
9,9,9,9,9,9,9,9,9,9,9,9,9,9,9,9,9,9,9,9,9,9,9,9,9,9,9,9,
9,9,9,9,9,9,9,9,9,9,9,9,9,38,9,9,9,9,38,9,9,9,9,9,9,9,9,9,
9,9,9,9,9,9,9,9,9,9,9,9,9,9,9,9,9,9,9,9,9,9,9,9,9,9,9,9,
9,9,9,9,9,39,9,9,9,9,9,9,9,9,9,9,9,9,9,9,9,9,9,9,9,9,9,9,
9,9,9,9,9,9,9,9,9,9,9,39,9,9,9,9,9,9,9,9,9,9,9,9,9,9,9,9,
9,9,9,9,9,9,9,38,9,9,9,9,9,9,9,9,9,9,9,9,9,9,9,9,9,9,9,9,
9,9,9,9,9,9,9,9,9,9,9,9,40,9,9,9,9,9,9,9,9,9,9,9,9,9,9,9,
9,9,9,9,9,39,9,9,9,9,9,9,9,9,9,9,9,9,9,9,9,9,9,9,9,9,9,9,
9,9,9,9,9,9,9,9,9,9,9,9,9,9,9,9,9,9,9,9,9,9,9,9,9,9,9,9,
9,9,9,9,9,9,9,38,9,9,9,9,9,9,9,9,9,9,9,9,9,9,9,9,9,9,9,9,
9,9,9,9,9,9,9,9,9,9,9,9,9,9,9,9,9,9,9,9,9,9,9,9,9,9,9,9,
9,9,9,9,9,9,9,9,9,9,9,9,9,9,9,9,9,9,9,9,9,9,9,9,9,9,9,9,
9,9,9,9,9,9,9,9,9,9,9,9,9,9,9,9,9,9,9,9,9,9,9,9,9,9,9,9,
9,9,9,9,9,9,9,9,9,9,9,9,9,9,9,9,9,9,9,9,9,9,9,9,9,9,9,9,
9,9,9,9,9,9,9,9,9,9,9,9,9,9,9,9,9,9,9,9,9,9,9,9,9,9,9,9
</data>
 </layer>
 <layer name="foreground" width="28" height="24">
  <data encoding="csv">
11,11,11,11,11,11,11,11,11,11,11,11,11,11,11,11,11,11,11,11,11,11,11,11,11,11,11,11,
11,11,11,11,11,11,11,11,11,11,11,11,11,11,11,11,11,11,11,11,11,11,11,11,11,11,11,11,
11,11,11,11,11,11,11,11,11,17,17,17,17,17,17,17,17,17,17,17,17,17,17,11,11,11,11,11,
11,11,11,11,11,11,11,11,18,0,0,0,0,0,0,0,0,0,0,0,0,0,0,10,11,11,11,11,
11,11,11,11,11,11,17,18,0,0,0,0,0,0,0,0,0,0,0,0,0,0,0,10,11,11,11,11,
11,11,11,11,11,18,0,0,0,0,0,0,0,0,0,0,0,0,0,0,0,0,0,16,11,11,11,11,
11,11,11,11,12,0,0,0,0,0,0,0,0,0,0,0,0,0,0,0,0,0,0,0,16,11,11,11,
11,11,11,11,12,0,0,0,0,0,0,0,0,0,0,0,0,0,0,0,0,0,0,0,0,10,11,11,
11,11,11,11,12,0,0,0,0,0,0,0,0,0,0,0,0,0,0,0,0,0,0,0,0,16,11,11,
11,11,11,11,12,0,0,0,0,0,0,0,0,0,1,0,0,0,0,1,0,0,0,0,0,0,10,11,
11,11,11,11,12,0,0,0,0,0,0,0,0,0,7,0,0,0,0,7,0,0,0,0,0,0,16,17,
11,11,11,11,12,0,0,0,0,0,0,0,0,0,0,0,0,0,0,0,0,0,0,0,0,0,0,0,
11,11,11,11,12,0,0,0,19,13,6,0,0,0,0,0,0,0,0,0,0,0,0,0,0,0,0,0,
11,11,11,11,12,0,0,0,0,0,26,0,0,0,0,0,0,0,0,0,0,0,4,5,5,5,5,5,
11,11,22,17,18,0,0,0,4,5,12,0,0,0,0,0,0,0,0,0,0,0,10,11,11,11,11,11,
11,11,28,0,0,0,0,0,10,11,12,0,0,0,0,0,0,0,0,0,0,0,10,11,11,11,11,11,
11,11,34,5,6,0,0,0,16,17,12,0,0,0,0,0,0,0,0,0,0,0,10,11,11,11,11,11,
11,11,11,11,18,0,0,0,0,0,26,0,0,0,0,0,0,0,0,0,0,0,10,11,11,11,11,11,
17,17,17,18,0,0,0,0,4,5,11,5,6,0,0,0,0,0,0,0,0,0,10,11,11,11,11,11,
0,0,0,0,0,0,0,0,10,11,11,11,12,0,0,0,0,0,0,0,0,0,10,11,11,11,11,11,
0,0,0,0,0,0,0,0,10,11,11,11,11,5,5,5,5,5,5,5,5,5,11,11,11,11,11,11,
5,5,5,5,5,5,5,5,11,11,11,11,11,11,11,11,11,11,11,11,11,11,11,11,11,11,11,11,
11,11,11,11,11,11,11,11,11,11,11,11,11,11,11,11,11,11,11,11,11,11,11,11,11,11,11,11,
11,11,11,11,11,11,11,11,11,11,11,11,11,11,11,11,11,11,11,11,11,11,11,11,11,11,11,11
</data>
 </layer>
 <objectgroup name="objects" width="28" height="24">
  <object name="f" type="jadedragon" x="512" y="480" width="32" height="32">
   <properties>
    <property name="delay" value=".5"/>
    <property name="interval" value=".7"/>
   </properties>
  </object>
  <object name="room2-0to0-4" type="TravelPoint" x="864" y="352" width="32" height="64">
   <properties>
    <property name="map" value="room0-4"/>
    <property name="target" value="room0-4to2-0"/>
   </properties>
  </object>
  <object name="room2-0to1-1" type="TravelPoint" x="0" y="608" width="32" height="64">
   <properties>
    <property name="map" value="room1-1"/>
    <property name="target" value="room1-1to2-0"/>
   </properties>
  </object>
  <object name="f" type="jadedragon" x="288" y="416" width="32" height="32">
   <properties>
    <property name="delay" value=".5"/>
    <property name="interval" value="1.5"/>
   </properties>
  </object>
  <object name="f" type="jadedragon" x="288" y="544" width="32" height="32">
   <properties>
    <property name="delay" value=".5"/>
    <property name="interval" value="1.5"/>
   </properties>
  </object>
  <object name="f" type="jadedragon" x="96" y="480" width="32" height="32">
   <properties>
    <property name="delay" value="1.0"/>
    <property name="interval" value="1.5"/>
   </properties>
  </object>
 </objectgroup>
</map>
