<?xml version="1.0" encoding="UTF-8"?>
<map version="1.0" orientation="orthogonal" width="42" height="52" tilewidth="32" tileheight="32">
 <tileset firstgid="1" name="tilemap" tilewidth="32" tileheight="32">
  <image source="gfx/tilemap.png" width="192" height="320"/>
 </tileset>
 <layer name="tilemap" width="42" height="52" opacity="0.34">
  <data encoding="csv">
9,9,9,9,9,9,9,9,9,9,9,9,9,9,9,9,9,9,9,9,9,9,9,9,9,9,9,9,9,9,9,9,9,9,9,9,9,9,9,9,9,9,
9,9,9,9,9,9,9,9,9,9,9,9,9,9,9,9,9,9,9,9,9,9,9,9,9,9,9,9,9,9,9,9,9,9,9,9,9,9,9,9,9,9,
9,9,9,9,9,9,9,9,9,9,9,9,9,9,9,9,9,9,9,9,9,9,9,9,9,9,9,9,9,9,9,9,9,9,9,9,9,9,9,9,9,9,
9,9,9,9,9,9,9,9,9,9,9,9,9,9,9,9,9,9,9,9,9,9,9,9,9,9,9,9,9,9,9,9,9,9,9,9,9,9,9,9,9,9,
9,9,9,9,9,9,9,9,9,9,9,9,9,9,9,9,9,9,9,9,9,9,9,9,9,9,9,9,9,9,9,9,9,9,9,9,9,9,9,9,9,9,
9,9,9,9,9,9,9,9,9,9,9,9,9,9,9,9,9,9,9,9,9,9,9,9,9,9,9,9,9,9,9,9,9,9,9,9,9,9,9,9,9,9,
9,9,9,9,9,9,9,9,9,9,9,9,9,9,9,9,9,9,9,9,9,9,9,9,9,9,9,9,9,9,9,9,9,9,9,9,9,9,9,9,9,9,
9,9,9,9,9,9,9,9,9,9,9,9,9,9,9,9,9,9,9,9,9,9,9,9,9,9,9,9,9,9,9,9,9,9,9,9,9,9,9,9,9,9,
9,9,9,9,9,9,9,9,9,9,9,9,9,9,9,9,9,9,9,9,9,9,9,9,9,9,9,9,9,9,9,9,9,9,9,9,9,9,9,9,9,9,
9,9,9,9,9,9,9,9,9,9,9,9,9,9,9,9,9,9,9,9,9,9,9,9,9,9,9,9,9,9,9,9,9,9,9,9,9,9,9,9,9,9,
9,9,9,9,9,9,9,9,9,9,9,9,9,9,9,9,9,9,9,9,9,9,9,9,9,9,9,9,9,9,9,9,9,9,9,9,9,9,9,9,9,9,
9,9,9,9,9,9,9,9,9,9,9,9,9,9,9,9,9,9,9,9,9,9,9,9,9,9,9,9,9,9,9,9,9,9,9,9,9,9,9,9,9,9,
9,9,9,9,9,9,9,9,9,9,9,9,9,9,9,9,9,9,9,9,9,9,9,9,9,9,9,9,9,9,9,9,9,9,9,9,9,9,9,9,9,9,
9,9,9,9,9,9,9,9,9,9,9,9,9,9,9,9,9,9,9,9,9,9,9,9,9,9,9,9,9,9,9,9,9,9,9,9,9,9,9,9,9,9,
9,9,9,9,9,9,9,9,9,9,9,9,9,9,9,9,9,9,9,9,9,9,9,9,9,9,9,9,9,9,9,9,9,9,9,9,9,9,9,9,9,9,
9,9,9,9,9,9,9,9,9,9,9,9,9,9,9,9,9,9,9,9,9,9,9,9,9,9,9,9,9,9,9,9,9,9,9,9,9,9,9,9,9,9,
9,9,9,9,9,9,9,9,9,9,9,9,9,9,9,9,9,9,9,9,9,9,9,9,9,9,9,9,9,9,9,9,9,9,9,9,9,9,9,9,9,9,
9,9,9,9,9,9,9,9,9,9,9,9,9,9,9,9,9,9,9,9,9,9,9,9,9,9,9,9,9,9,9,9,9,9,9,9,9,9,9,9,9,9,
9,9,9,9,9,9,9,9,9,9,9,9,9,9,9,9,9,9,9,9,9,9,9,9,9,9,9,9,9,9,9,9,9,9,9,9,9,9,9,9,9,9,
9,9,9,9,9,9,9,9,9,9,9,9,9,9,9,9,9,9,9,9,9,9,9,9,9,9,9,9,9,9,9,9,9,9,9,9,9,9,9,9,9,9,
9,9,9,9,9,9,9,9,9,9,9,9,9,9,9,9,9,9,9,9,9,9,9,9,9,9,9,9,9,9,9,9,9,9,9,9,9,9,9,9,9,9,
9,9,9,9,9,9,9,9,9,9,9,9,9,9,9,9,9,9,9,9,9,9,9,9,9,9,9,9,9,9,9,9,9,9,9,9,9,9,9,9,9,9,
9,9,9,9,9,9,9,9,9,9,9,9,9,9,9,9,9,9,9,9,9,9,9,9,9,9,9,9,9,9,9,9,9,9,9,9,9,9,9,9,9,9,
9,9,9,9,9,9,9,9,9,9,9,9,9,9,9,9,9,9,9,9,9,9,9,9,9,9,9,9,9,9,9,9,9,9,9,9,9,9,9,9,9,9,
9,9,9,9,9,9,9,9,9,9,9,9,9,9,9,9,9,9,9,9,9,9,9,9,9,9,9,9,9,9,9,9,9,9,9,9,9,9,9,9,9,9,
9,9,9,9,9,9,9,9,9,9,9,9,9,9,9,9,9,9,9,9,9,9,9,9,9,9,9,9,9,9,9,9,9,9,9,9,9,9,9,9,9,9,
9,9,9,9,9,9,9,9,9,9,9,9,9,9,9,9,9,9,9,9,9,9,9,9,9,9,9,9,9,9,9,9,9,9,9,9,9,9,9,9,9,9,
9,9,9,9,9,9,9,9,9,9,9,9,9,9,9,9,9,9,9,9,9,9,9,9,9,9,9,9,9,9,9,9,9,9,9,9,9,9,9,9,9,9,
9,9,9,9,9,9,9,9,9,9,9,9,9,9,9,9,9,9,9,9,9,9,9,9,9,9,9,9,9,9,9,9,9,9,9,9,9,9,9,9,9,9,
9,9,9,9,9,9,9,9,9,9,9,9,9,9,9,9,9,9,9,9,9,9,9,9,9,9,9,9,9,9,9,9,9,9,9,9,9,9,9,9,9,9,
9,9,9,9,9,9,9,9,9,9,9,9,9,9,9,9,9,9,9,9,9,9,9,9,9,9,9,9,9,9,9,9,9,9,9,9,9,9,9,9,9,9,
9,9,9,9,9,9,9,9,9,9,9,9,9,9,9,9,9,9,9,9,9,9,9,9,9,9,9,9,9,9,9,9,9,9,9,9,9,9,9,9,9,9,
9,9,9,9,9,9,9,9,9,9,9,9,9,9,9,9,9,9,9,9,9,9,9,9,9,9,9,9,9,9,9,9,9,9,9,9,9,9,9,9,9,9,
9,9,9,9,9,9,9,9,9,9,9,9,9,9,9,9,9,9,9,9,9,9,9,9,9,9,9,9,9,9,9,9,9,9,9,9,9,9,9,9,9,9,
9,9,9,9,9,9,9,9,9,9,9,9,9,9,9,9,9,9,9,9,9,9,9,9,9,9,9,9,9,9,9,9,9,9,9,9,9,9,9,9,9,9,
9,9,9,9,9,9,9,9,9,9,9,9,9,9,9,9,9,9,9,9,9,9,9,9,9,9,9,9,9,9,9,9,9,9,9,9,9,9,9,9,9,9,
9,9,9,9,9,9,9,9,9,9,9,9,9,9,9,9,9,9,9,9,9,9,9,9,9,9,9,9,9,9,9,9,9,9,9,9,9,9,9,9,9,9,
9,9,9,9,39,9,9,9,9,9,9,9,9,9,9,9,9,9,9,9,9,9,9,9,9,9,9,9,9,9,9,9,9,9,9,9,9,9,9,9,9,9,
9,9,9,9,9,9,9,9,9,9,9,9,9,9,9,9,9,9,9,9,9,9,9,9,9,9,9,9,9,9,9,9,9,9,9,9,9,9,9,9,9,9,
9,9,9,9,9,9,9,9,9,9,9,9,9,9,9,9,9,9,9,9,9,9,9,9,9,9,9,9,9,9,9,9,9,9,9,9,9,9,9,9,9,9,
9,9,9,9,9,9,9,9,9,9,9,9,9,9,9,9,9,9,9,9,9,9,9,9,9,9,9,9,9,9,9,9,9,9,9,9,9,9,9,9,9,9,
9,9,9,9,9,9,9,9,9,9,9,9,9,9,9,9,9,9,9,9,9,9,9,9,9,9,9,9,9,9,9,9,9,9,9,9,9,9,9,9,9,9,
9,9,9,9,9,9,9,9,9,9,9,9,9,9,9,9,9,9,9,9,9,9,9,9,9,9,9,9,9,9,9,9,9,9,9,9,9,9,9,9,9,9,
9,9,9,9,9,9,9,9,9,9,9,9,9,9,9,9,9,9,9,9,9,9,9,9,9,9,9,9,9,9,9,9,9,9,9,9,9,9,9,9,9,9,
9,9,9,9,9,9,9,9,9,9,9,9,9,9,9,9,9,9,9,9,9,9,9,9,9,9,9,9,9,9,9,9,9,9,9,9,9,9,9,9,9,9,
9,9,9,9,9,9,9,9,9,9,9,9,9,9,9,9,9,9,9,9,9,9,9,9,9,9,9,9,9,9,9,9,9,9,9,9,9,9,9,9,9,9,
9,9,9,9,9,9,9,9,9,9,9,9,9,9,9,9,9,9,9,9,9,9,9,9,9,9,9,9,9,9,9,9,9,9,9,9,9,9,9,9,9,9,
9,9,9,9,9,9,9,9,9,9,9,9,9,9,9,9,9,9,9,9,9,9,9,9,9,9,9,9,9,9,9,9,9,9,9,9,9,9,9,9,9,9,
9,9,9,9,9,9,9,9,9,9,9,9,9,9,9,9,9,9,9,9,9,9,9,9,9,9,9,9,9,9,9,9,9,9,9,9,9,9,9,9,9,9,
9,9,9,9,9,9,9,9,9,9,9,9,9,9,9,9,9,9,9,9,9,9,9,9,9,9,9,9,9,9,9,9,9,9,9,9,9,9,9,9,9,9,
9,9,9,9,9,9,9,9,9,9,9,9,9,9,9,9,9,9,9,9,9,9,9,9,9,9,9,9,9,9,9,9,9,9,9,9,9,9,9,9,9,9,
9,9,9,9,9,9,9,9,9,9,9,9,9,9,9,9,9,9,9,9,9,9,9,9,9,9,9,9,9,9,9,9,9,9,9,9,9,9,9,9,9,9
</data>
 </layer>
 <layer name="foreground" width="42" height="52">
  <data encoding="csv">
17,17,17,17,17,17,24,22,17,17,17,17,17,17,24,11,11,11,12,0,0,0,0,10,11,11,11,11,11,11,11,11,11,11,11,11,11,11,11,11,11,11,
0,0,0,0,0,0,30,28,0,0,0,0,0,0,10,11,11,11,12,0,0,0,0,10,11,11,11,11,11,11,11,11,11,11,11,11,11,11,11,11,11,11,
0,0,0,0,0,0,16,18,50,50,51,5,6,0,10,11,11,11,12,0,0,0,0,16,17,17,24,11,11,11,11,11,11,11,11,11,11,11,11,11,11,11,
5,5,5,6,0,0,0,0,0,0,30,11,12,0,10,11,11,11,12,0,0,0,0,0,0,0,10,11,11,11,11,11,11,11,11,11,11,11,11,11,11,11,
11,11,11,34,5,5,5,5,5,5,36,11,12,0,10,11,11,11,34,49,50,50,50,51,6,0,10,11,11,11,11,11,11,11,22,17,17,24,11,11,11,11,
11,11,11,11,11,11,11,11,11,11,11,11,12,0,10,11,11,11,11,12,0,0,0,10,12,0,16,17,24,11,11,22,17,17,18,0,0,16,11,11,11,11,
11,11,11,11,11,11,11,11,11,11,11,11,12,0,10,11,11,11,11,12,0,0,0,10,12,0,0,0,10,11,11,12,0,0,0,0,0,0,16,17,17,17,
11,11,11,11,11,11,11,11,11,11,11,11,12,0,10,11,11,11,11,12,0,0,0,10,34,5,6,0,10,11,11,12,0,0,0,0,0,0,0,0,0,0,
11,11,11,11,11,11,11,11,11,11,11,11,12,0,10,11,11,11,11,12,0,0,0,10,11,22,18,0,16,24,11,12,0,0,0,0,0,0,0,0,0,0,
11,11,11,11,11,11,11,11,11,11,11,11,12,0,10,11,11,11,22,18,0,0,0,16,17,18,0,0,0,16,17,12,0,0,0,19,13,13,5,5,5,5,
11,11,11,11,11,11,22,17,17,17,17,17,18,0,16,17,17,17,18,0,0,0,0,0,0,0,0,0,0,0,0,16,6,0,0,0,0,0,10,11,11,11,
11,11,11,11,11,11,12,0,0,0,0,0,0,0,0,0,0,0,0,0,0,0,0,0,0,0,0,0,0,0,0,0,26,0,0,0,0,0,16,24,11,11,
11,11,11,22,17,17,18,0,0,0,0,0,0,0,0,0,0,0,0,0,0,0,0,0,0,0,0,0,0,0,0,0,30,5,13,21,0,0,0,10,11,11,
11,11,22,18,0,0,0,0,0,0,0,0,0,0,0,0,0,0,0,0,0,0,0,0,0,0,0,0,0,0,0,0,16,18,0,0,0,0,0,10,11,11,
17,17,18,0,0,0,0,0,0,0,0,0,0,0,0,0,0,0,0,0,0,0,0,0,0,0,0,0,0,0,0,0,0,0,0,0,0,4,5,36,11,11,
0,0,0,0,0,0,0,0,0,0,0,0,0,0,0,0,0,0,0,0,0,1,0,0,0,0,0,0,0,0,0,0,0,0,0,0,0,10,11,11,11,11,
0,0,0,0,0,0,0,0,0,0,0,0,0,0,0,0,0,0,0,0,4,11,6,0,0,0,0,0,0,0,0,0,0,0,19,13,13,17,17,17,17,17,
5,5,5,5,5,5,5,6,0,0,0,0,0,0,0,0,0,0,0,19,17,17,17,21,0,0,0,0,0,0,0,0,0,0,0,0,0,0,0,0,0,0,
11,11,11,11,11,11,11,12,0,0,0,0,0,0,0,0,0,0,0,0,0,0,0,0,0,0,0,0,0,4,5,6,0,0,0,0,0,0,0,0,0,0,
11,11,11,11,11,11,11,11,5,5,5,5,6,0,0,0,0,0,0,0,0,0,0,0,0,0,0,0,0,10,11,12,0,0,0,0,0,0,0,0,0,0,
11,11,11,11,11,11,11,11,11,11,11,11,12,0,0,0,0,0,0,0,0,0,0,0,0,4,5,5,5,36,11,34,5,5,6,0,0,0,0,0,0,0,
11,11,11,11,11,11,11,11,11,11,11,11,11,5,6,0,0,0,0,19,13,13,13,13,13,17,17,17,23,24,11,11,11,11,12,0,0,0,0,0,0,0,
11,11,11,11,11,11,11,11,11,11,11,11,11,11,11,5,6,0,0,0,0,0,0,0,0,0,0,0,0,10,11,11,11,11,34,5,5,5,5,5,5,5,
11,11,11,11,11,11,11,11,11,11,11,11,11,11,11,11,12,0,0,0,0,0,0,0,0,0,0,0,0,10,11,11,11,11,11,11,11,11,11,11,11,11,
11,11,11,11,11,11,11,11,11,11,11,11,11,11,11,11,11,5,5,5,5,5,5,6,0,0,0,0,0,10,11,11,11,11,11,11,11,11,11,11,11,11,
11,11,11,11,11,11,11,11,11,11,11,11,11,11,11,11,11,11,11,11,11,11,11,12,0,0,0,0,0,10,11,11,11,11,11,11,11,11,11,11,11,11,
11,11,11,11,11,11,11,11,11,11,11,11,11,11,11,11,11,11,11,11,11,11,11,11,21,0,0,0,0,10,11,11,11,11,11,11,11,11,11,11,11,11,
11,11,11,11,11,11,11,11,11,11,11,11,11,11,11,11,11,11,11,11,11,11,11,12,0,0,0,0,0,10,11,11,11,11,11,11,11,11,11,11,11,11,
11,11,11,11,11,11,11,11,11,11,11,11,11,11,11,11,11,11,11,11,11,11,11,12,0,0,0,0,19,11,11,11,11,11,11,11,11,11,11,11,11,11,
11,11,11,11,11,11,11,11,11,11,11,11,11,22,17,17,17,17,24,11,11,11,11,12,0,0,0,0,0,10,11,11,11,11,11,11,11,11,11,11,11,11,
11,11,11,11,11,11,11,11,11,11,11,11,11,12,0,0,0,0,10,11,11,11,11,11,21,0,0,0,0,10,11,11,11,11,11,11,11,11,11,11,11,11,
11,11,11,11,11,11,11,11,11,11,11,11,11,12,0,0,0,0,10,11,11,17,17,18,0,0,0,0,0,10,11,11,11,11,11,11,11,11,11,11,11,11,
11,11,11,11,11,22,17,2,17,17,17,17,17,18,0,0,0,0,16,2,18,0,0,0,0,0,0,0,4,36,11,11,11,11,11,11,11,11,11,11,11,11,
11,11,11,11,22,18,0,7,0,0,0,0,0,0,0,0,0,0,0,7,0,0,0,0,0,0,0,0,10,11,11,11,11,11,11,11,11,11,11,11,11,11,
11,11,11,22,18,0,0,0,0,0,0,0,0,0,0,0,0,0,0,41,0,0,0,0,0,4,5,5,36,11,11,11,11,11,11,11,11,11,11,11,11,11,
11,11,11,12,0,0,0,0,0,0,0,0,0,0,0,0,0,0,0,47,0,0,0,0,0,16,17,17,17,17,17,17,17,17,17,17,17,11,11,11,11,11,
11,11,11,12,0,0,0,0,0,0,0,4,5,49,50,50,50,50,51,5,5,5,5,5,21,0,0,0,0,0,0,0,0,0,0,0,0,10,11,11,11,11,
11,11,11,12,0,0,0,0,0,0,0,30,11,12,0,0,0,0,10,11,11,11,11,18,0,0,0,0,0,0,0,0,0,0,0,0,0,10,11,11,11,11,
11,11,11,12,0,0,0,19,13,5,5,36,11,12,0,0,0,0,16,17,17,17,18,0,0,0,0,4,5,5,5,5,5,5,5,5,5,11,11,11,11,11,
11,11,11,12,0,0,0,0,0,16,17,24,11,12,0,0,0,0,0,0,0,0,0,0,0,0,0,10,11,11,11,11,11,11,11,11,11,11,11,11,11,11,
11,11,11,11,5,6,0,0,0,0,0,16,17,18,0,0,0,0,0,0,0,0,0,0,0,0,0,10,11,11,11,11,11,11,11,11,11,11,11,11,11,11,
11,11,11,11,11,28,0,0,0,0,0,0,0,0,0,0,0,0,0,0,0,0,0,0,0,0,0,10,11,11,11,11,11,11,11,11,11,11,11,11,11,11,
17,17,17,17,17,17,13,21,0,0,0,0,0,0,0,0,0,0,0,0,0,0,0,0,0,0,4,11,11,11,11,11,11,11,11,11,11,11,11,11,11,11,
0,0,0,0,0,0,0,0,0,0,4,5,5,49,50,50,50,50,51,5,5,5,5,5,5,5,11,11,11,11,11,11,11,11,11,11,11,11,11,11,11,11,
0,0,0,0,0,0,0,0,0,0,10,11,11,28,0,0,0,0,30,11,11,11,11,11,11,11,11,11,11,11,11,11,11,11,11,11,11,11,11,11,11,11,
5,5,5,5,5,5,5,5,5,5,11,11,11,28,0,0,0,0,10,11,11,11,11,11,11,11,11,11,11,11,11,11,11,11,11,11,11,11,11,11,11,11,
11,11,11,11,11,11,11,11,11,11,11,11,11,28,0,0,0,0,16,17,17,17,17,17,11,11,11,11,11,11,11,11,11,11,11,11,11,11,11,11,11,11,
11,11,11,11,11,11,11,11,11,11,11,11,11,28,0,0,0,0,0,0,0,0,0,0,10,11,11,11,11,11,11,11,11,11,11,11,11,11,11,11,11,11,
11,11,11,11,11,11,11,11,11,11,11,11,11,12,0,0,0,0,0,0,0,0,0,0,10,11,11,11,11,11,11,11,11,11,11,11,11,11,11,11,11,11,
11,11,11,11,11,11,11,11,11,11,11,11,11,11,5,5,5,5,5,5,5,5,5,5,11,11,11,11,11,11,11,11,11,11,11,11,11,11,11,11,11,11,
11,11,11,11,11,11,11,11,11,11,11,11,11,11,11,11,11,11,11,11,11,11,11,11,11,11,11,11,11,11,11,11,11,11,11,11,11,11,11,11,11,11,
11,11,11,11,11,11,11,11,11,11,11,11,11,11,11,11,11,11,11,11,11,11,11,11,11,11,11,11,11,11,11,11,11,11,11,11,11,11,11,11,11,11
</data>
 </layer>
 <objectgroup name="objects" width="42" height="52">
  <object name="room0-2Entrance" type="travelpoint" x="0" y="32" width="32" height="64">
   <properties>
    <property name="map" value="room0-1"/>
    <property name="target" value="room0-1Exit"/>
   </properties>
  </object>
  <object name="mapOneSpawn" type="TravelPoint" x="672" y="1536" width="64" height="32">
   <properties>
    <property name="map" value=""/>
    <property name="target" value=""/>
   </properties>
  </object>
  <object name="room0-2to0-3" type="travelpoint" x="0" y="480" width="32" height="64">
   <properties>
    <property name="map" value="room0-3"/>
    <property name="target" value="room0-3to0-2"/>
   </properties>
  </object>
  <object name="room0-2to3-0" type="travelpoint" x="1312" y="224" width="32" height="64">
   <properties>
    <property name="door" value="room3-0to0-2"/>
    <property name="map" value="room3-0"/>
   </properties>
  </object>
  <object name="room0-2to0-6" type="travelpoint" x="1312" y="640" width="32" height="64">
   <properties>
    <property name="map" value="room0-6"/>
    <property name="target" value="room0-6to0-2"/>
   </properties>
  </object>
  <object name="room0-2to0-3door" type="door" x="1280" y="224" width="32" height="64"/>
  <object name="room0-2to0-3button" type="floorbutton" x="1184" y="256" width="64" height="32">
   <properties>
    <property name="door" value="room0-2to0-3door"/>
   </properties>
  </object>
 </objectgroup>
</map>
