<?xml version="1.0" encoding="UTF-8"?>
<map version="1.0" orientation="orthogonal" width="38" height="26" tilewidth="32" tileheight="32">
 <tileset firstgid="1" name="tilemap" tilewidth="32" tileheight="32">
  <image source="gfx/tilemap.png" width="192" height="320"/>
 </tileset>
 <layer name="tilemap" width="38" height="26" opacity="0.34">
  <data encoding="csv">
9,9,9,9,9,9,9,9,9,9,9,9,9,9,9,9,9,9,9,9,9,9,9,9,9,9,9,9,9,9,9,9,9,9,9,9,9,9,
9,9,9,9,9,9,9,9,9,9,9,9,9,9,9,9,9,9,9,9,9,9,9,9,9,9,9,9,9,9,9,9,9,9,9,9,9,9,
9,9,9,9,9,9,9,9,9,9,9,9,9,9,9,9,9,9,9,9,9,9,9,9,9,9,9,9,9,9,9,9,9,9,9,9,9,9,
9,9,9,9,9,9,9,9,9,9,9,9,9,9,9,9,9,9,9,9,9,9,9,9,9,9,9,9,9,9,9,9,9,9,9,9,9,9,
9,9,9,9,9,9,9,9,9,9,9,9,9,9,9,9,9,9,9,9,9,9,9,9,9,9,9,9,9,9,9,9,9,9,9,9,9,9,
9,9,9,9,9,9,9,9,9,9,9,9,9,9,9,9,9,9,9,9,9,9,9,9,9,9,9,9,9,9,9,9,9,9,9,9,9,9,
9,9,9,9,9,9,9,9,9,9,9,9,9,9,9,9,9,9,9,9,9,9,9,9,9,9,9,9,9,9,9,9,9,9,9,9,9,9,
9,9,9,9,9,9,9,9,9,9,9,9,9,9,9,9,9,9,9,9,9,9,9,9,9,9,9,9,9,9,9,9,9,9,9,9,9,9,
9,9,9,9,9,9,9,9,9,9,9,9,9,9,9,9,9,9,9,9,9,9,9,9,9,9,9,9,9,9,9,9,9,9,9,9,9,9,
9,9,9,9,9,9,9,9,9,9,9,9,9,9,9,9,9,9,9,9,9,9,9,9,9,9,9,9,9,9,9,9,9,9,9,9,9,9,
9,9,9,9,9,9,9,9,9,9,9,9,9,9,9,9,9,9,9,9,9,9,9,9,9,9,9,9,9,9,9,9,9,9,9,9,9,9,
9,9,9,9,9,9,9,9,9,9,9,9,9,9,9,9,9,9,9,9,9,9,9,9,9,9,9,9,9,9,9,9,9,9,9,9,9,9,
9,9,9,9,9,9,9,9,9,9,9,9,9,9,9,9,9,9,9,9,9,9,9,9,9,9,9,9,9,9,9,9,9,9,9,9,9,9,
9,9,9,9,9,9,9,9,9,9,9,9,9,9,9,9,9,9,9,9,9,9,9,9,9,9,9,9,9,9,9,9,9,9,9,9,9,9,
9,9,9,9,9,9,9,9,9,9,9,9,9,9,9,9,9,9,9,9,9,9,9,9,9,9,9,9,9,9,9,9,9,9,9,9,9,9,
9,9,9,9,9,9,9,9,9,9,9,9,9,9,9,9,9,9,9,9,9,9,9,9,9,9,9,9,9,9,9,9,9,9,9,9,9,9,
9,9,9,9,9,9,9,9,9,9,9,9,9,9,9,9,9,9,9,9,9,9,9,9,9,9,9,9,9,9,9,9,9,9,9,9,9,9,
9,9,9,9,9,9,9,9,9,9,9,9,9,9,9,9,9,9,9,9,9,9,9,9,9,9,9,9,9,9,9,9,9,9,9,9,9,9,
9,9,9,9,9,9,9,9,9,9,9,9,9,9,9,9,9,9,9,9,9,9,9,9,9,9,9,9,9,9,9,9,9,9,9,9,9,9,
9,9,9,9,9,9,9,9,9,9,9,9,9,9,9,9,9,9,9,9,9,9,9,9,9,9,9,9,9,9,9,9,9,9,9,9,9,9,
9,9,9,9,9,9,9,9,9,9,9,9,9,9,9,9,9,9,9,9,9,9,9,9,9,9,9,9,9,9,9,9,9,9,9,9,9,9,
9,9,9,9,9,9,9,9,9,9,9,9,9,9,9,9,9,9,9,9,9,9,9,9,9,9,9,9,9,9,9,9,9,9,9,9,9,9,
9,9,9,9,9,9,9,9,9,9,9,9,9,9,9,9,9,9,9,9,9,9,9,9,9,9,9,9,9,9,9,9,9,9,9,9,9,9,
9,9,9,9,9,9,9,9,9,9,9,9,9,9,9,9,9,9,9,9,9,9,9,9,9,9,9,9,9,9,9,9,9,9,9,9,9,9,
9,9,9,9,9,9,9,9,9,9,9,9,9,9,9,9,9,9,9,9,9,9,9,9,9,9,9,9,9,9,9,9,9,9,9,9,9,9,
9,9,9,9,9,9,9,9,9,9,9,9,9,9,9,9,9,9,9,9,9,9,9,9,9,9,9,9,9,9,9,9,9,9,9,9,9,9
</data>
 </layer>
 <layer name="foreground" width="38" height="26">
  <data encoding="csv">
11,11,11,11,11,11,11,11,11,11,11,11,11,11,11,11,11,11,11,11,11,11,11,11,11,11,11,11,11,11,11,11,11,11,11,11,11,11,
11,11,11,11,11,11,11,11,11,11,11,11,11,11,11,11,11,11,11,11,11,11,11,11,11,11,11,11,11,11,11,11,11,11,11,11,11,11,
17,17,17,17,17,17,17,17,17,17,17,11,11,11,11,11,11,11,11,11,11,11,11,11,11,11,11,11,11,11,11,11,11,17,17,17,17,17,
0,0,0,0,0,0,0,0,0,0,0,10,11,11,11,11,11,11,11,11,11,11,11,11,11,11,11,11,11,11,11,11,18,0,0,0,0,0,
0,0,0,0,0,0,0,0,0,0,0,16,17,17,11,11,11,11,11,11,11,17,17,17,17,17,17,17,17,17,17,18,0,0,0,0,0,0,
5,5,6,0,0,0,0,0,0,0,0,0,0,0,10,11,11,11,11,11,12,0,0,0,0,0,0,0,0,0,0,0,0,0,0,4,5,5,
11,11,11,5,5,6,0,0,0,0,0,0,0,0,16,17,17,17,11,11,11,13,21,0,0,3,0,0,3,0,0,3,0,4,5,11,11,11,
11,11,11,11,11,12,0,0,0,0,0,0,0,0,0,0,0,0,16,11,12,0,0,0,0,0,0,0,0,0,0,0,0,10,11,11,11,11,
11,11,11,11,11,11,5,6,0,0,0,0,0,0,0,0,0,0,0,10,17,13,21,0,4,5,5,5,5,5,5,5,5,11,11,11,11,11,
11,11,11,11,11,11,11,12,0,0,0,0,0,0,0,0,0,0,0,7,0,0,0,0,10,11,11,11,11,11,11,11,11,11,11,11,11,11,
11,11,11,11,11,11,11,12,0,0,0,0,0,0,0,0,0,0,0,0,0,0,0,0,10,11,11,11,11,11,11,11,11,11,11,11,11,11,
17,17,17,17,17,17,17,11,5,5,5,6,0,0,0,0,0,0,0,0,0,0,0,4,11,11,11,11,11,11,11,11,11,11,11,11,11,11,
0,0,0,0,0,0,0,10,11,11,11,11,5,5,5,5,5,5,5,5,5,5,5,11,11,11,11,11,11,11,11,11,11,11,11,11,11,11,
0,0,0,0,0,0,0,10,11,11,11,11,17,17,17,17,17,17,17,17,17,17,17,17,17,17,17,17,17,17,17,17,17,11,11,11,11,11,
5,5,5,5,5,6,0,16,11,17,17,18,0,0,0,0,0,0,0,0,0,0,0,0,0,0,0,0,0,0,0,0,0,16,11,11,11,11,
11,11,11,11,11,12,0,0,26,0,0,0,0,0,0,0,0,0,0,0,0,0,0,0,0,0,0,0,0,0,0,0,0,0,16,17,17,17,
11,11,11,11,11,12,0,0,7,0,0,0,0,0,0,0,0,0,0,0,0,0,0,0,0,0,0,0,0,0,0,0,0,0,0,0,0,0,
11,11,11,11,11,12,0,0,0,0,0,0,0,0,0,0,0,0,0,0,0,0,0,0,0,0,0,0,0,0,0,0,0,0,0,0,0,0,
11,11,11,11,11,11,5,5,5,6,0,0,0,0,0,0,0,0,0,0,0,0,0,0,0,0,0,0,0,4,5,5,5,5,5,5,5,5,
11,11,11,11,11,11,11,11,11,12,0,0,0,0,0,0,0,0,0,0,0,0,0,0,0,0,0,0,0,30,11,11,11,11,11,11,11,11,
11,11,11,11,11,11,11,11,11,11,5,6,0,0,0,0,0,3,0,0,0,3,0,0,0,0,0,4,5,11,11,11,11,11,11,11,11,11,
11,11,11,11,11,11,11,11,11,11,11,12,0,0,0,0,0,0,0,0,0,0,0,0,0,0,0,30,11,11,11,11,11,11,11,11,11,11,
11,11,11,11,11,11,11,11,11,11,11,11,5,6,0,0,0,0,0,0,0,0,0,0,0,4,5,11,11,11,11,11,11,11,11,11,11,11,
11,11,11,11,11,11,11,11,11,11,11,11,11,11,5,5,6,0,0,0,0,0,4,5,5,11,11,11,11,11,11,11,11,11,11,11,11,11,
11,11,11,11,11,11,11,11,11,11,11,11,11,11,11,11,11,5,5,5,5,5,11,11,11,11,11,11,11,11,11,11,11,11,11,11,11,11,
11,11,11,11,11,11,11,11,11,11,11,11,11,11,11,11,11,11,11,11,11,11,11,11,11,11,11,11,11,11,11,11,11,11,11,11,11,11
</data>
 </layer>
 <objectgroup name="objects" width="38" height="26">
  <object name="room1-0to1-1" type="travelpoint" x="0" y="96" width="32" height="64">
   <properties>
    <property name="map" value="room1-1"/>
    <property name="target" value="room1-1to1-0"/>
   </properties>
  </object>
  <object name="dragon" type="jadedragon" x="608" y="512" width="32" height="32">
   <properties>
    <property name="delay" value=".5"/>
    <property name="interval" value="1.0"/>
   </properties>
  </object>
  <object name="room1-0to4-1" type="travelpoint" x="0" y="384" width="32" height="64">
   <properties>
    <property name="map" value="room4-1"/>
    <property name="target" value="room4-1to1-0"/>
   </properties>
  </object>
  <object name="dragon" type="jadedragon" x="480" y="512" width="32" height="32">
   <properties>
    <property name="delay" value="1.0"/>
    <property name="interval" value="1.0"/>
   </properties>
  </object>
  <object name="dragon" type="jadedragon" x="736" y="512" width="32" height="32">
   <properties>
    <property name="delay" value="1.0"/>
    <property name="interval" value="1.0"/>
   </properties>
  </object>
  <object name="room1-BreakableWallOne" type="breakablewall" x="608" y="320" width="32" height="64"/>
  <object name="dragon" type="jadedragon" x="672" y="224" width="32" height="32">
   <properties>
    <property name="delay" value=".5"/>
    <property name="interval" value="1.0"/>
   </properties>
  </object>
  <object name="dragon" type="jadedragon" x="672" y="160" width="32" height="32">
   <properties>
    <property name="delay" value="1.0"/>
    <property name="interval" value="1.0"/>
   </properties>
  </object>
  <object name="room1-0to0-4" type="travelpoint" x="1184" y="96" width="32" height="64">
   <properties>
    <property name="map" value="room0-4"/>
    <property name="target" value="room0-4to1-0"/>
   </properties>
  </object>
  <object name="room1-0to3-3" type="travelpoint" x="1184" y="512" width="32" height="64">
   <properties>
    <property name="map" value="room3-3"/>
    <property name="target" value="room3-3to1-0"/>
   </properties>
  </object>
 </objectgroup>
</map>
