<?xml version="1.0" encoding="UTF-8"?>
<map version="1.0" orientation="orthogonal" width="48" height="38" tilewidth="32" tileheight="32">
 <tileset firstgid="1" name="tilemap" tilewidth="32" tileheight="32">
  <image source="gfx/tilemap.png" width="192" height="320"/>
 </tileset>
 <layer name="tilemap" width="48" height="38" opacity="0.34">
  <data encoding="csv">
9,9,9,9,9,9,9,9,9,9,9,9,9,9,9,9,9,9,9,9,9,9,9,9,9,9,9,9,9,9,9,9,9,9,9,9,9,9,9,9,9,9,9,9,9,9,9,9,
9,9,9,9,9,9,9,9,9,9,9,9,9,9,9,9,9,9,9,9,9,9,9,9,9,9,9,9,9,9,9,9,9,9,9,9,9,9,9,9,9,9,9,9,9,9,9,9,
9,9,9,9,9,9,9,9,9,9,9,9,9,9,9,9,9,9,9,9,9,9,9,9,9,9,9,9,9,9,9,9,9,9,9,9,9,9,9,9,9,9,9,9,9,9,9,9,
9,9,9,9,9,9,9,9,9,9,9,9,9,9,9,9,9,9,9,9,9,9,9,9,9,9,9,9,9,9,9,9,9,9,9,9,9,9,9,9,9,9,9,9,9,9,9,9,
9,9,9,9,9,9,9,9,9,9,9,9,9,9,9,9,9,9,9,9,9,9,9,9,9,9,9,9,9,9,9,9,9,9,9,9,9,9,9,9,9,9,9,9,9,9,9,9,
9,9,9,9,9,9,9,9,9,9,9,9,9,9,9,9,9,9,9,9,9,9,9,9,9,9,9,9,9,9,9,9,9,9,9,9,9,9,9,9,9,9,9,9,9,9,9,9,
9,9,9,9,9,9,9,9,9,9,9,9,9,9,9,9,9,9,9,9,9,9,9,9,9,9,9,9,9,9,9,9,9,9,9,9,9,9,9,9,9,9,9,9,9,9,9,9,
9,9,9,9,9,9,9,9,9,9,9,9,9,9,9,9,9,9,9,9,9,9,9,9,9,9,9,9,9,9,9,9,9,9,9,9,9,9,9,9,9,9,9,9,9,9,9,9,
9,9,9,9,9,9,9,9,9,9,9,9,9,9,9,9,9,9,9,9,9,9,9,9,9,9,9,9,9,9,9,9,9,9,9,9,9,9,9,9,9,9,9,9,9,9,9,9,
9,9,9,9,9,9,9,9,9,9,9,9,9,9,9,9,9,9,9,9,9,9,9,9,9,9,9,9,9,9,9,9,9,9,9,9,9,9,9,9,9,9,9,9,9,9,9,9,
9,9,9,9,9,9,9,9,9,9,9,9,9,9,9,9,9,9,9,9,9,9,9,9,9,9,9,9,9,9,9,9,9,9,9,9,9,9,9,9,9,9,9,9,9,9,9,9,
9,9,9,9,9,9,9,9,9,9,9,9,9,9,9,9,9,9,9,9,9,9,9,9,9,9,9,9,9,9,9,9,9,9,9,9,9,9,9,9,9,9,9,9,9,9,9,9,
9,9,9,9,9,9,9,9,9,9,9,9,9,9,9,9,9,9,9,9,9,9,9,9,9,9,9,9,9,9,9,9,9,9,9,9,9,9,9,9,9,9,9,9,9,9,9,9,
9,9,9,9,9,9,9,9,9,9,9,9,9,9,9,9,9,9,9,9,9,9,9,9,9,9,9,9,9,9,9,9,9,9,9,9,9,9,9,9,9,9,9,9,9,9,9,9,
9,9,9,9,9,9,9,9,9,9,9,9,9,9,9,9,9,9,9,9,9,9,9,9,9,9,9,9,9,9,9,9,9,9,9,9,9,9,9,9,9,9,9,9,9,9,9,9,
9,9,9,9,9,9,9,9,9,9,9,9,9,9,9,9,9,9,9,9,9,9,9,9,9,9,9,9,9,9,9,9,9,9,9,9,9,9,9,9,9,9,9,9,9,9,9,9,
9,9,9,9,9,9,9,9,9,9,9,9,9,9,9,9,9,9,9,9,9,9,9,9,9,9,9,9,9,9,9,9,9,9,9,9,9,9,9,9,9,9,9,9,9,9,9,9,
9,9,9,9,9,9,9,9,9,9,9,9,9,9,9,9,9,9,9,9,9,9,9,9,9,9,9,9,9,9,9,9,9,9,9,9,9,9,9,9,9,9,9,9,9,9,9,9,
9,9,9,9,9,9,9,9,9,9,9,9,9,9,9,9,9,9,9,9,9,9,9,9,9,9,9,9,9,9,9,9,9,9,9,9,9,9,9,9,9,9,9,9,9,9,9,9,
9,9,9,9,9,9,9,9,9,9,9,9,9,9,9,9,9,9,9,9,9,9,9,9,9,9,9,9,9,9,9,9,9,9,9,9,9,9,9,9,9,9,9,9,9,9,9,9,
9,9,9,9,9,9,9,9,9,9,9,9,9,9,9,9,9,9,9,9,9,9,9,9,9,9,9,9,9,9,9,9,9,9,9,9,9,9,9,9,9,9,9,9,9,9,9,9,
9,9,9,9,9,9,9,9,9,9,9,9,9,9,9,9,9,9,9,9,9,9,9,9,9,9,9,9,9,9,9,9,9,9,9,9,9,9,9,9,9,9,9,9,9,9,9,9,
9,9,9,9,9,9,9,9,9,9,9,9,9,9,9,9,9,9,9,9,9,9,9,9,9,9,9,9,9,9,9,9,9,9,9,9,9,9,9,9,9,9,40,9,9,9,9,9,
9,9,9,9,9,9,9,9,9,9,9,9,9,9,9,9,9,9,9,9,9,9,9,9,9,9,9,9,9,9,9,9,9,9,9,9,9,9,9,9,9,9,9,9,9,9,9,9,
9,9,9,9,9,9,9,9,9,9,9,9,9,9,9,9,9,9,9,9,9,9,9,9,9,9,9,9,9,9,9,9,9,9,9,9,9,9,9,9,9,9,9,9,9,9,9,9,
9,9,9,9,9,9,9,9,9,9,9,9,9,9,9,9,9,9,9,9,9,9,9,9,9,9,9,9,9,9,9,9,9,9,9,9,9,9,9,9,9,9,9,9,9,9,9,9,
9,9,9,9,9,9,9,9,9,9,9,9,9,9,9,9,9,9,9,9,9,9,9,9,9,9,9,9,9,9,9,9,9,9,9,9,9,9,40,9,9,9,9,9,9,9,9,9,
9,9,9,9,9,9,9,9,9,9,9,9,9,9,9,9,9,9,9,9,9,9,9,9,9,9,9,9,9,9,38,9,9,9,9,9,9,9,9,9,9,9,9,9,9,9,9,9,
9,9,9,9,9,9,9,9,9,9,9,9,9,9,9,9,9,9,9,9,9,9,9,9,9,9,9,9,9,9,9,9,9,9,9,9,9,9,9,9,9,9,9,9,9,9,9,9,
9,9,9,9,9,9,9,9,9,9,9,9,9,9,9,9,9,9,9,9,9,9,9,9,9,9,9,9,9,9,9,9,9,9,9,9,9,9,9,9,9,9,9,9,9,9,9,9,
9,9,9,9,9,9,9,9,9,9,9,9,9,9,9,9,9,9,9,9,9,9,9,9,9,9,9,9,9,9,9,9,9,9,9,9,9,9,9,9,9,9,40,9,9,9,9,9,
9,9,9,9,9,9,9,9,9,9,9,9,9,9,9,9,9,9,9,9,9,9,9,9,9,9,9,9,9,9,9,9,9,9,9,9,9,9,9,9,9,9,9,9,9,9,9,9,
9,9,9,9,9,9,9,9,9,9,9,9,9,9,9,9,9,9,9,9,9,9,9,9,9,9,9,9,9,9,9,9,9,9,9,9,9,9,9,9,9,9,9,9,9,9,9,9,
9,9,9,9,9,9,9,9,9,9,9,9,9,9,9,9,9,9,9,9,9,9,9,9,9,9,9,9,9,9,9,9,9,9,9,9,9,9,9,9,9,9,9,9,9,9,9,9,
9,9,9,9,9,9,9,9,9,9,9,9,9,9,9,9,9,9,9,9,9,9,9,9,9,9,9,9,9,9,9,9,9,9,9,9,9,9,9,9,9,9,9,9,9,9,9,9,
9,9,9,9,9,9,9,9,9,9,9,9,9,9,9,9,9,9,9,9,9,9,9,9,9,9,9,9,9,9,9,9,9,9,9,9,9,9,9,9,9,9,9,9,9,9,9,9,
9,9,9,9,9,9,9,9,9,9,9,9,9,9,9,9,9,9,9,9,9,9,9,9,9,9,9,9,9,9,9,9,9,9,9,9,9,9,9,9,9,9,9,9,9,9,9,9,
9,9,9,9,9,9,9,9,9,9,9,9,9,9,9,9,9,9,9,9,9,9,9,9,9,9,9,9,9,9,9,9,9,9,9,9,9,9,9,9,9,9,9,9,9,9,9,9
</data>
 </layer>
 <layer name="foreground" width="48" height="38">
  <data encoding="csv">
11,11,11,11,11,11,11,11,11,11,11,11,11,11,11,11,11,11,11,11,11,11,11,11,11,11,11,11,11,11,11,11,11,11,11,11,11,11,11,11,11,11,11,11,11,11,11,11,
11,11,11,11,11,11,11,11,11,11,11,11,11,11,11,11,11,11,11,11,11,11,11,11,11,11,11,11,11,11,11,11,11,11,11,11,11,11,11,11,11,11,11,11,11,11,11,11,
11,11,11,11,11,11,11,11,11,11,11,11,11,11,11,11,11,11,11,11,11,11,11,11,11,11,11,11,11,11,11,11,11,11,11,11,11,11,11,11,11,11,11,11,11,11,11,11,
11,11,11,11,11,11,11,11,11,11,11,17,17,11,11,11,11,11,11,11,11,11,11,11,11,11,11,11,11,11,11,11,11,11,11,11,11,11,11,11,11,11,11,11,11,11,11,11,
11,11,11,11,11,11,11,11,11,11,18,0,0,16,11,11,11,11,11,11,11,11,11,11,11,11,11,11,11,11,11,11,11,11,11,11,11,11,11,11,11,11,11,11,11,11,11,11,
11,11,11,11,11,11,11,11,11,12,0,0,0,0,10,11,11,11,11,11,11,11,11,11,11,11,11,11,11,11,11,11,11,11,11,11,11,11,11,11,11,11,11,11,11,11,11,11,
11,11,11,11,11,11,11,11,11,12,0,0,0,0,10,17,17,17,17,17,17,17,17,17,11,11,11,11,11,11,11,11,11,11,11,11,11,11,11,11,11,11,11,11,11,11,11,11,
11,11,11,11,11,11,11,11,11,12,0,0,0,0,26,0,0,0,0,0,0,0,0,0,10,11,11,11,11,11,11,11,11,11,11,11,17,17,17,17,17,17,17,17,17,11,11,11,
11,11,11,11,11,11,11,11,11,12,0,0,0,0,26,0,0,0,0,0,0,0,0,0,10,11,11,11,11,11,11,11,17,17,17,18,0,0,0,0,0,0,0,0,0,16,17,17,
11,11,11,11,11,11,11,11,11,12,0,0,0,0,10,5,5,5,5,5,5,6,0,0,10,11,11,11,11,11,11,18,0,0,0,0,0,0,0,0,0,0,0,0,0,0,0,0,
11,11,11,11,11,11,11,11,11,12,0,0,0,0,10,11,11,11,11,11,11,12,0,0,10,11,11,11,11,11,12,0,0,0,0,0,0,0,0,0,0,0,0,0,0,0,0,0,
11,11,11,11,11,11,11,11,11,12,0,0,0,0,10,11,11,11,11,11,11,12,0,0,10,11,11,11,11,11,12,0,0,0,0,0,0,0,0,0,0,0,0,0,0,0,0,0,
11,11,11,11,11,11,11,11,11,12,0,0,0,0,10,11,11,11,11,11,11,12,0,0,10,11,11,11,11,11,12,0,0,0,0,4,5,5,5,5,5,5,5,5,5,5,5,5,
11,11,11,11,11,11,11,11,11,12,0,0,0,0,10,11,11,11,11,11,11,12,0,0,10,11,11,11,11,11,12,0,0,0,0,10,11,11,11,11,11,11,11,11,11,11,11,11,
11,11,11,11,11,11,11,11,11,12,0,0,0,0,10,11,11,11,11,11,11,12,0,0,10,11,11,11,11,11,12,0,0,0,0,10,11,11,17,17,17,17,17,11,11,11,11,11,
11,11,11,11,11,11,11,11,11,12,0,0,0,0,10,11,11,11,11,11,11,12,0,0,10,11,11,11,11,11,12,0,0,0,0,10,11,18,0,0,0,0,0,16,11,11,11,11,
11,11,11,11,11,11,11,11,11,12,0,0,0,0,16,17,17,17,17,17,17,18,0,0,16,17,17,17,17,17,18,0,0,0,0,10,12,0,0,0,0,0,0,0,16,17,17,17,
11,11,11,11,11,11,11,11,11,12,0,0,0,0,0,0,0,0,0,0,0,0,0,0,0,0,0,0,0,0,0,0,0,0,0,10,12,0,0,0,0,0,0,0,0,0,0,0,
11,11,11,11,11,11,11,11,11,12,0,0,0,0,0,0,0,0,0,0,0,0,0,0,0,0,0,0,0,0,0,0,0,0,0,10,12,0,0,0,0,0,0,0,0,0,0,0,
11,11,11,11,11,11,11,11,11,12,0,0,0,0,0,0,0,0,0,0,0,0,0,0,0,0,0,0,0,0,0,0,0,0,0,10,12,0,0,0,29,0,0,0,4,5,5,5,
11,11,11,11,11,11,11,11,11,12,0,0,0,0,0,0,0,0,0,0,0,0,4,6,0,0,0,0,0,0,0,0,0,0,0,10,12,0,0,19,13,21,0,0,10,11,11,11,
11,11,11,11,11,11,11,11,11,11,5,5,5,5,5,5,5,5,5,5,5,5,17,17,13,13,13,13,13,5,5,5,5,5,5,11,12,0,0,0,0,0,0,0,10,11,11,11,
11,11,11,11,11,11,11,11,11,11,11,11,11,11,11,11,11,11,11,11,11,18,0,0,0,0,0,0,0,16,17,11,11,11,11,11,12,0,0,0,0,0,0,0,10,11,11,11,
11,11,11,11,11,11,11,11,11,11,11,17,17,11,17,17,17,17,11,11,12,0,0,0,0,0,0,0,0,0,0,10,11,11,11,11,12,0,0,0,0,0,0,0,10,11,11,11,
11,11,11,11,11,11,11,11,11,11,12,0,0,26,0,0,0,0,10,11,12,0,0,0,0,0,0,0,0,0,0,10,11,11,11,11,12,0,0,0,0,0,0,0,10,11,11,11,
11,11,11,11,11,11,11,11,11,11,12,0,0,8,0,0,0,0,10,11,12,0,0,0,0,19,13,13,21,0,0,10,11,11,11,11,12,0,0,0,0,0,0,0,10,11,11,11,
11,11,11,11,11,11,11,17,17,17,17,13,13,32,13,6,0,0,16,17,18,0,0,0,0,0,0,0,0,0,0,10,11,11,11,11,12,0,0,0,0,0,19,13,11,11,11,11,
11,11,11,11,11,11,12,0,0,0,0,0,0,0,0,7,0,0,0,0,0,0,0,0,0,0,0,0,0,0,0,10,11,11,11,11,12,0,0,0,0,0,0,0,10,11,11,11,
11,11,11,11,11,11,12,0,0,0,0,0,0,0,0,0,0,0,0,0,0,0,0,0,0,0,0,0,0,0,0,10,11,11,11,11,12,0,0,0,0,0,0,0,10,11,11,11,
11,11,11,11,11,11,12,0,0,0,0,0,0,0,0,0,0,0,0,0,0,0,0,0,0,0,0,0,0,0,0,10,11,11,11,11,12,0,0,0,0,0,0,0,10,11,11,11,
11,11,11,11,11,11,11,5,5,5,5,5,5,13,13,13,21,0,0,19,21,0,0,0,0,19,13,13,13,13,13,17,17,17,17,17,18,0,0,0,0,0,0,0,10,11,11,11,
17,17,17,17,17,17,17,17,17,17,17,17,18,0,0,0,0,0,0,0,0,0,0,0,0,0,0,0,0,0,0,0,0,0,0,0,0,0,0,0,0,0,0,0,10,11,11,11,
0,0,0,0,0,0,0,0,0,0,0,0,0,0,0,0,0,0,0,0,0,0,0,0,0,0,0,0,0,0,0,0,0,0,0,0,0,0,0,0,0,0,0,0,10,11,11,11,
0,0,0,0,0,0,0,0,0,0,0,0,0,0,0,0,0,0,0,0,0,0,0,0,0,0,0,0,0,0,0,0,0,0,0,0,0,0,0,0,0,0,0,0,10,11,11,11,
5,5,5,5,5,5,5,5,5,5,5,5,5,5,5,5,5,5,5,5,6,0,0,0,0,4,5,5,5,5,5,5,5,5,5,5,5,5,5,5,5,5,5,5,11,11,11,11,
11,11,11,11,11,11,11,11,11,11,11,11,11,11,11,11,11,11,11,11,11,5,5,5,5,11,11,11,11,11,11,11,11,11,11,11,11,11,11,11,11,11,11,11,11,11,11,11,
11,11,11,11,11,11,11,11,11,11,11,11,11,11,11,11,11,11,11,11,11,11,11,11,11,11,11,11,11,11,11,11,11,11,11,11,11,11,11,11,11,11,11,11,11,11,11,11,
11,11,11,11,11,11,11,11,11,11,11,11,11,11,11,11,11,11,11,11,11,11,11,11,11,11,11,11,11,11,11,11,11,11,11,11,11,11,11,11,11,11,11,11,11,11,11,11
</data>
 </layer>
 <objectgroup name="objects" width="48" height="38">
  <object name="room4-3to5-1upper" type="travelPoint" x="1504" y="288" width="32" height="96">
   <properties>
    <property name="map" value="room5-1"/>
    <property name="target" value="room5-1to4-3upper"/>
   </properties>
  </object>
  <object name="room4-3to5-1lower" type="travelPoint" x="1504" y="544" width="32" height="64">
   <properties>
    <property name="map" value="room5-1"/>
    <property name="target" value="room5-1to4-3lower"/>
   </properties>
  </object>
  <object name="room4-3fFloorButtonOne" type="floorButton" x="1344" y="800" width="64" height="32">
   <properties>
    <property name="door" value="room4-3DoorOne"/>
   </properties>
  </object>
  <object name="room4-3SlamButtonOne" type="slamButton" x="672" y="1088" width="128" height="32">
   <properties>
    <property name="door" value="room4-3DoorFour"/>
   </properties>
  </object>
  <object name="room4-3DoorThree" type="door" x="928" y="800" width="64" height="32"/>
  <object name="room4-3DoorOne" type="door" x="480" y="896" width="32" height="64"/>
  <object name="room4-3DoorTwo" type="door" x="512" y="832" width="64" height="32"/>
  <object name="room4-3WallButtonOne" type="wallButton" x="352" y="800" width="32" height="32">
   <properties>
    <property name="door" value="room4-3DoorThree"/>
    <property name="left" value="true"/>
   </properties>
  </object>
  <object name="room4-3FloorButtonTwo" type="floorButton" x="256" y="928" width="64" height="32">
   <properties>
    <property name="door" value="room4-3DoorTwo"/>
   </properties>
  </object>
  <object name="room4-3TravelPointOne" type="travelPoint" x="0" y="1024" width="32" height="64">
   <properties>
    <property name="map" value="room4-2"/>
    <property name="taret" value=""/>
   </properties>
  </object>
  <object name="room4-3to0-2" type="travelPoint" x="480" y="224" width="32" height="64">
   <properties>
    <property name="map" value="room0-2"/>
    <property name="target" value="room0-2to4-3"/>
   </properties>
  </object>
  <object name="room4-3DoorFour" type="door" x="1408" y="544" width="32" height="64"/>
  <object name="room4-3DoorFive" type="door" x="672" y="224" width="32" height="64"/>
  <object name="room4-3SlamButtonTwo" type="slamButton" x="320" y="640" width="128" height="32">
   <properties>
    <property name="door" value="room4-3DoorFive"/>
   </properties>
  </object>
  <object type="powerup" x="1280" y="576" width="32" height="32">
   <properties>
    <property name="powerup" value="5"/>
   </properties>
  </object>
 </objectgroup>
</map>
